6140
7093
8982
6104
4907
3039
2758
8626
911
8873
2934
9454
3667
6953
9668
2086
9662
5230
9434
4657
9154
6191
9851
3686
5984
4764
6697
7183
2682
8261
5236
9633
2755
2526
3074
4301
9564
8168
2568
8891
3777
3866
132
1874
7587
863
5890
2470
3308
5745
7932
8851
3993
4754
6397
9883
7687
1459
2586
4160
7393
5205
5226
7097
4166
5484
6643
9730
7161
6928
2398
1586
7497
8622
8413
450
6694
1371
9991
1885
2279
712
2267
2818
3572
201
6772
7296
9091
3517
6993
1888
7373
7070
4028
3955
4729
6083
3169
25
8472
5827
1800
4811
3196
72
9045
3491
6586
9884
445
3096
5828
6594
7164
2225
130
6453
167
1485
51
1579
7967
2598
6653
3289
4191
729
3707
4512
7301
2368
3672
9703
5657
9246
6690
5645
1192
258
6495
4117
3542
7416
1186
1465
1304
4443
710
4752
4665
5202
4987
4773
1925
5781
5806
1426
7693
6120
2400
2720
1832
1591
4362
9942
9087
3141
9287
5164
8689
3
4358
397
8248
3719
9465
390
111
6965
1950
6759
8272
5146
8608
8724
8883
3179
5939
8698
6828
5368
4812
5671
1164
2980
3461
6978
2814
6938
930
523
4514
9893
7872
6871
2723
8572
3148
9266
5078
3819
329
6540
8603
3239
9737
3982
2043
9761
8282
5043
9467
6317
3443
8632
6328
814
1826
3624
9040
8253
5647
3688
1385
4474
6632
2938
6587
3197
2381
2940
210
7451
4369
2251
2752
4015
3703
4862
6080
80
2067
488
1199
9915
8458
748
8712
6462
8695
3312
1263
323
1414
3395
5870
5580
6196
4735
21
319
5267
7480
3962
5912
4195
925
1548
2382
5955
4267
8439
23
8251
8361
4288
7878
7888
6606
360
9143
7677
1106
8901
3983
7488
1905
7319
49
1940
528
6385
9705
5109
8348
2665
6964
4583
1862
2366
1609
7011
8142
3516
9390
1031
9821
3341
9510
1605
8909
2454
6175
8468
6372
6609
6127
5560
1034
344
3841
3423
5238
8268
4041
4563
4378
8214
5427
8756
3284
4421
573
8874
4623
368
1230
8434
4089
2865
9569
9678
1704
286
5209
305
4582
4127
4963
3932
8284
2465
3062
4513
9708
7757
7149
1690
5527
3731
3468
1740
705
105
6241
700
2977
7635
6442
7644
3891
8720
1320
7824
7220
5682
1587
9293
7355
3559
1975
8810
3954
8872
6516
1719
9442
6983
3695
6645
7927
3780
5483
4056
4523
7473
2098
7868
113
8545
112
8864
9027
6565
3958
1766
7053
4111
9628
630
502
6038
7645
5545
7013
764
2910
9265
6064
2805
8426
3403
695
6388
2995
7602
4437
9819
1687
6853
2426
3931
3858
579
1064
6846
5215
3304
9503
9298
486
1030
3972
1798
9395
7280
6725
8440
298
7249
7217
7807
1723
3287
4223
6623
1181
2827
5767
8878
1113
6448
4074
9092
1518
8396
3631
9505
9371
9170
1367
8463
2801
7471
3348
4546
5426
9581
3909
412
5216
2307
5207
7678
8942
6731
6202
6097
3583

